TRUE
CLIPS> (load "C:/ufl/Expert/assignment1/project/part2/Part2-46309228/deffacts_ds2.CLP")
%%%%%$::
TRUE
CLIPS> (reset)
CLIPS> (load "C:/ufl/Expert/assignment1/project/part2/Part2-46309228/RulesforPart2.CLP")
************************
TRUE
CLIPS> (run)




----------------------------------------------------------------------------------------------------------------------------------------------------------------------------------------------
                                                                           TRUCK REPORT                                                                                                       
==============================================================================================================================================================================================
 Truck#  |	WAIT-TIME | TOTAL BUSY-TIME |  %BUSY-TIME  | #TOTAL-PACKAGES-CARRIED | AVG.%OCCUPANCY | NON_DELIVERTY TRAVEL TIME | %NON_DELIVERY TIME	| DELIVERTY TRAVEL TIME | %DELIVERY TIME	| 
===============================================================================================================================================================================================
    1       29             14             17.073171           3                     93.333333                0                   0.000000               14                    35.897436      
    2       52             34             41.463415           3                     93.333333                14                  17.073171              20                    24.390244      
    3       51             58             70.731707           6                     51.666667                23                  21.904762              35                    33.333333      
    4       60             42             51.219512           4                     62.500000                20                  20.408163              22                    22.448980      
    5       62             53             64.634146           6                     73.333333                21                  18.918919              32                    28.828829      
    6       59             48             58.536585           5                     65.333333                23                  22.330097              25                    24.271845      
    7       50             40             48.780488           5                     56.000000                19                  22.093023              21                    24.418605      
    8       62             51             62.195122           5                     85.333333                19                  17.431193              32                    29.357798      
    9       55             50             60.975610           6                     50.000000                20                  19.801980              30                    29.702970      
    10      59             72             87.804878           7                     52.857143                21                  16.535433              51                    40.157480      




 ---------------------------------------------------------------------------------------------------------------------- 
                                                   PACKAGE REPORT                                                       
 ====================================================================================================================== 
  PACKAGE#  |  TOTAL WAIT-TIME  | 	 PICK-UP-TIME	 |   DELIVERY-TIME  	| ON-TIME DELIVERY STATUS  | DELIVERY DELAYED BY |
 ====================================================================================================================== 
    1                 0                     1                  3                 TRUE                  0                      
    2                 0                     1                  2                 TRUE                  0                      
    3                 0                     3                  5                 TRUE                  0                      
    4                 0                     3                  4                 TRUE                  0                      
    5                 0                     4                  7                 TRUE                  0                      
    6                 3                     7                  10                FALSE                 5                      
    7                 2                     7                  8                 TRUE                  0                      
    8                 3                     10                 12                TRUE                  0                      
    9                 5                     13                 15                TRUE                  0                      
    10                3                     11                 12                TRUE                  0                      
    11                0                     8                  9                 FALSE                 2                      
    12                0                     9                  12                TRUE                  0                      
    13                1                     10                 13                TRUE                  0                      
    14                3                     12                 14                TRUE                  0                      
    15                7                     17                 19                FALSE                 1                      
    16                1                     12                 13                TRUE                  0                      
    17                6                     18                 20                TRUE                  0                      
    18                2                     15                 17                TRUE                  0                      
    19                0                     13                 14                TRUE                  0                      
    20                5                     19                 22                TRUE                  0                      
    21                0                     14                 17                FALSE                 5                      
    22                3                     18                 19                TRUE                  0                      
    23                3                     23                 24                FALSE                 1                      
    24                9                     31                 33                TRUE                  0                      
    25                0                     23                 25                TRUE                  0                      
    26                6                     31                 32                TRUE                  0                      
    27                4                     31                 32                TRUE                  0                      
    28                0                     28                 30                TRUE                  0                      
    29                7                     37                 40                TRUE                  0                      
    30                8                     43                 44                TRUE                  0                      
    31                6                     43                 45                TRUE                  0                      
    32                3                     41                 43                TRUE                  0                      
    33                9                     49                 52                FALSE                 3                      
    34                5                     48                 50                TRUE                  0                      
    35                5                     50                 52                FALSE                 1                      
    36                9                     56                 57                TRUE                  0                      
    37                1                     51                 52                TRUE                  0                      
    38                5                     57                 59                TRUE                  0                      
    39                0                     55                 57                FALSE                 2                      
    40                0                     60                 62                TRUE                  0                      
    41                8                     70                 72                TRUE                  0                      
    42                1                     66                 69                TRUE                  0                      
    43                6                     73                 74                TRUE                  0                      
    44                8                     78                 81                FALSE                 1                      
    45                6                     81                 83                TRUE                  0                      
    46                10                    87                 90                FALSE                 14                     
    47                0                     80                 82                FALSE                 2                      
    48                3                     83                 86                TRUE                  0                      
    49                6                     87                 89                FALSE                 4                      
    50                8                     90                 93                FALSE                 5                      




 ------------------------------------------------------------------------------------------------------------------------------
                                                 PACKAGE AVERAGE REPORT                                                       
 ==============================================================================================================================
   AVG WAIT TIME  | PCKG DELIVERED ON TIME | PCKG DELIVERED LATE | AVERAGE LATENESS OF LATE PCKG | AVERAGE LATENESS OF ALL PCKG|
 ==============================================================================================================================
       1.180000                 37                     13                       3.538462                0.920000                 
CLIPS> (dribble-off)
