TRUE
CLIPS> (load "C:/ufl/Expert/assignment1/project/part2/Part2-46309228/deffacts_ds3.CLP")
%%%%%$::
TRUE
CLIPS> (reset)
CLIPS> (load "C:/ufl/Expert/assignment1/project/part2/Part2-46309228/RulesforPart2.CLP")
************************
TRUE
CLIPS> (run)




----------------------------------------------------------------------------------------------------------------------------------------------------------------------------------------------
                                                                           TRUCK REPORT                                                                                                       
==============================================================================================================================================================================================
 Truck#  |	WAIT-TIME | TOTAL BUSY-TIME |  %BUSY-TIME  | #TOTAL-PACKAGES-CARRIED | AVG.%OCCUPANCY | NON_DELIVERTY TRAVEL TIME | %NON_DELIVERY TIME	| DELIVERTY TRAVEL TIME | %DELIVERY TIME	| 
===============================================================================================================================================================================================
    1       64             69             69.000000           6                     86.666667                36                  27.906977              33                    25.581395      
    2       61             64             64.000000           8                     72.500000                29                  23.966942              35                    28.925620      
    3       68             60             60.000000           7                     50.000000                17                  13.709677              43                    34.677419      
    4       66             56             56.000000           5                     52.000000                21                  17.796610              35                    29.661017      
    5       59             78             78.000000           8                     80.833333                38                  28.571429              40                    30.075188      
    6       55             84             84.000000           7                     76.190476                36                  26.666667              48                    35.555556      
    7       61             75             75.000000           9                     62.222222                27                  20.454545              48                    36.363636      




 ---------------------------------------------------------------------------------------------------------------------- 
                                                   PACKAGE REPORT                                                       
 ====================================================================================================================== 
  PACKAGE#  |  TOTAL WAIT-TIME  | 	 PICK-UP-TIME	 |   DELIVERY-TIME  	| ON-TIME DELIVERY STATUS  | DELIVERY DELAYED BY |
 ====================================================================================================================== 
    1                 5                     105                107               TRUE                  0                      
    2                 9                     109                110               TRUE                  0                      
    3                 4                     99                 101               TRUE                  0                      
    4                 3                     98                 99                TRUE                  0                      
    5                 2                     96                 99                TRUE                  0                      
    6                 0                     94                 97                FALSE                 5                      
    7                 6                     96                 97                TRUE                  0                      
    8                 6                     93                 95                TRUE                  0                      
    9                 5                     83                 85                TRUE                  0                      
    10                3                     81                 82                TRUE                  0                      
    11                3                     80                 81                FALSE                 1                      
    12                5                     80                 83                TRUE                  0                      
    13                2                     77                 80                TRUE                  0                      
    14                7                     77                 79                TRUE                  0                      
    15                5                     75                 77                FALSE                 1                      
    16                5                     70                 71                TRUE                  0                      
    17                9                     71                 73                TRUE                  0                      
    18                8                     68                 70                TRUE                  0                      
    19                2                     62                 63                TRUE                  0                      
    20                4                     59                 62                TRUE                  0                      
    21                8                     63                 66                FALSE                 4                      
    22                1                     56                 57                TRUE                  0                      
    23                0                     6                  7                 TRUE                  0                      
    24                12                    18                 20                TRUE                  0                      
    25                8                     53                 55                TRUE                  0                      
    26                3                     43                 44                TRUE                  0                      
    27                0                     40                 41                FALSE                 36                     
    28                5                     42                 44                TRUE                  0                      
    29                7                     42                 45                TRUE                  0                      
    30                5                     40                 41                TRUE                  0                      
    31                6                     36                 38                TRUE                  0                      
    32                3                     28                 30                TRUE                  0                      
    33                5                     25                 28                FALSE                 3                      
    34                8                     25                 27                TRUE                  0                      
    35                3                     19                 21                TRUE                  0                      
    36                3                     18                 19                TRUE                  0                      
    37                7                     22                 23                TRUE                  0                      
    38                3                     18                 20                TRUE                  0                      
    39                3                     16                 18                FALSE                 2                      
    40                0                     12                 14                TRUE                  0                      
    41                5                     15                 17                TRUE                  0                      
    42                4                     13                 16                TRUE                  0                      
    43                2                     9                  10                TRUE                  0                      
    44                0                     6                  9                 FALSE                 2                      
    45                0                     5                  7                 TRUE                  0                      
    46                12                    17                 20                FALSE                 11                     
    47                2                     6                  8                 FALSE                 2                      
    48                0                     3                  6                 TRUE                  0                      
    49                1                     3                  5                 FALSE                 5                      
    50                0                     1                  4                 FALSE                 4                      




 ------------------------------------------------------------------------------------------------------------------------------
                                                 PACKAGE AVERAGE REPORT                                                       
 ==============================================================================================================================
   AVG WAIT TIME  | PCKG DELIVERED ON TIME | PCKG DELIVERED LATE | AVERAGE LATENESS OF LATE PCKG | AVERAGE LATENESS OF ALL PCKG|
 ==============================================================================================================================
       0.780000                 38                     12                       6.333333                1.520000                 
CLIPS> (dribble-off)
